6.65956934
2.78876119
0.33397602
-0.03763918
0.74993937
3.81490677
1.70428804
-3.31291341
-0.22972370
4.02124752
5.93229834
3.30506070
-3.61277063
0.78809415
0.37976841
1.52357320
1.76230055
1.03078642
-2.74093726
2.77205578
-0.25596771
-0.79295335
-1.99567925
7.14183490
6.56129569
-2.39785588
-2.30807391
-1.02088455
-2.26040839
-2.76088135
1.81877126
0.14669279
4.21783231
-2.13184320
3.69196005
-2.69614367
-2.68014820
3.72209577
1.73709472
-0.70580812
0.07337669
2.17063230
2.72495294
5.04390706
1.32219033
4.72349163
-0.67638087
2.64424944
2.78769261
-2.10997705
4.26042721
-3.50266144
1.72564280
-2.07028305
-4.59779260
-1.71953774
2.90307934
1.38358058
3.42339203
-1.68000430
7.55683608
6.32574310
-2.60318964
3.24511198
0.97390332
2.22611398
0.83831831
0.07828888
2.29402602
2.68356827
0.07483911
3.38214384
-0.59180508
9.07209729
-1.27708114
4.77997853
-0.83918672
6.26383807
1.50674691
3.25716693
5.70351834
5.80174051
3.61099316
2.19293272
-1.46102337
-0.97135778
1.54849399
4.34257358
-1.64886246
2.44942102
2.68469434
1.64707956
5.49827517
1.01640668
4.43099277
2.23430799
-1.74337571
6.43458332
2.94137432
-1.01569579