0.41379418
0.51040227
3.28722973
7.31995568
4.53994434
-1.07426821
4.74575978
2.55201407
3.22058685
-1.17401554
-1.24119500
4.18294690
0.65486399
-0.18908709
-0.73101186
1.27876451
1.26734875
2.78570344
2.96834139
1.22145702
1.80851440
-0.80356569
2.57347292
3.42552806
1.66904559
-2.21179295
4.17696270
2.15191523
3.62707736
0.06900211
0.51371315
0.54983237
4.09554316
1.28465289
4.05350899
5.10504379
4.25580572
0.79826235
-1.02042629
1.87299786
0.14051938
3.05622839
4.74780021
4.54794140
-6.54132331
1.94429658
1.95488616
4.73267571
4.83082378
2.95830720
2.99769818
-1.07337799
0.58403864
2.73050678
0.28021230
10.49771713
2.36870296
0.60689702
8.42679434
1.29763889
1.31289734
1.93230073
5.92597773
1.49746935
6.30721756
3.15585521
5.38824907
3.27322441
3.41248356
-0.40437473
3.19350142
-4.06261001
-1.05763312
-0.39748962
0.86637433
2.02108109
-1.06445976
1.10375263
4.51823259
-0.75725877
-0.87173075
-2.19932463
7.70167909
1.48655986
4.90757730
5.51652338
-0.34615559
0.01031344
4.57582354
1.17516968
-0.21932558
-1.27848277
2.97655676
1.44863955
3.67881403
0.30868429
-2.52052309
0.05248743
0.07728483
-1.12975005
3.99585182
0.79045260
3.73159608
7.36490361
6.40646375
-1.54228149
-0.65100869
4.04305846
2.47766853
-3.48957597
6.20840771
0.40560482
0.49118447
-1.48277951
-1.23675030
5.16138353
1.15383008
2.75286404
4.70183189
-2.29877355