14.889379
8.627612
9.867455
13.141168
9.249122
8.490774
10.21729
10.724403
14.66945
14.243944
10.826905
13.951521
14.693401
9.449562
16.425888
16.392689
13.265474
14.704994
12.718107
10.395385
8.756276
6.961521
12.688497
10.578342
14.294064
13.763032
8.472324
15.605253
11.968936
9.897284
14.788205
14.773378
11.723336
11.719464
11.824407
12.914485
13.291805
13.272867
12.586791
9.202608
15.817188
11.197137
8.97441
10.823942
12.2894
10.483861
11.119684
9.956822
9.778551
12.062084
13.449972
15.481139
9.470557
11.143402
10.793291
9.786869
8.54758
8.188947
12.532635
10.862473
10.54704
13.774638
14.861969
11.180668
9.790466
12.469556
11.837173
13.820717
11.47612
9.850563
10.44089
11.015557
12.547672
12.041457
9.63974
11.368657
11.431948
15.449064
9.110052
15.125478
13.433802
11.807514
9.632299
12.725762
10.628523
10.824474
13.389953
10.077884
9.18536
13.697777
10.116078
13.036067
14.412094
12.175099
7.835201
16.277825
10.967441
10.892966
11.668289
9.340267
15.392018
13.323701
9.928631
14.378075
10.924935
11.44832
11.836161
13.39799
13.744963
14.083459
10.66837
9.139692
14.716621
15.173684
10.493444
14.30847
15.295041
13.748886
14.074436
12.261138