12.666378
7.322789
15.021706
13.616913
10.970712
5.464451
9.999636
15.693764
13.771444
17.06531
6.940708
15.860749
18.019348
6.326531
20.647763
23.005369
14.61917
20.787108
14.238225
9.674337
14.76317
9.613791
9.727326
9.146292
21.24696
16.200128
15.466065
13.691879
9.032113
10.558392
18.258896
14.992416
14.722569
10.579842
10.758363
8.894299
13.502299
12.994734
14.775563
9.818535
18.208089
8.438143
8.282819
11.090392
15.174881
7.704479
8.917742
10.275903
11.4887
16.57215
18.892428
13.544225
9.309845
13.713258
12.904993
8.951567
9.041688
10.222305
14.136072
9.222289
15.208694
14.627659
15.287092
11.389052
7.716052
14.307632
14.647653
18.705963
13.665201
8.025347
13.157791
14.336731
9.548584
12.522605
11.876452
12.241549
12.94416
17.637175
9.854223
17.8774
15.892081
9.893356
7.791175
11.901961
15.605362
13.464186
12.451922
16.090626
8.907932
16.333859
13.554146
19.586575
11.76502
9.981692
5.32575
20.168371
12.485393
14.349888
14.198229
7.315012
16.78792
10.99855
10.377856
13.531181
12.258939
11.346062
12.99802
8.498104
14.195263
15.372914
11.698431
12.929311
11.232474
21.551867
10.436798
14.43026
18.836296
14.838428
14.450987
10.879682